16.50555281705898 1.145268589612638 16.50555281705898 1.145268589612638
16.69288011854989 1.02887431108316 16.69288011854989 1.02887431108316
16.91357006160574 0.9202407301418204 16.91357006160574 0.9202407301418204
17.16695059060753 0.8193786273323027 17.16695059060753 0.8193786273323027
17.45214514476357 0.7262277900840276 17.45214514476357 0.7262277900840276
17.76808921699334 0.6406609856749665 17.76808921699334 0.6406609856749665
18.11355034120146 0.5624891648837503 18.11355034120146 0.5624891648837503
18.48715085513393 0.4914677085146767 18.48715085513393 0.4914677085146767
18.88739271181159 0.4273035007334369 18.88739271181159 0.4273035007334369
19.3126835707305 0.3696625950153352 19.3126835707305 0.3696625950153352
19.76136339122429 0.3181782309246321 19.76136339122429 0.3181782309246321
20.23173077337598 0.2724589627650531 20.23173077337598 0.2724589627650531
20.72206834373914 0.2320966736665918 20.72206834373914 0.2320966736665918
21.23066655955868 0.1966742697229458 21.23066655955868 0.1966742697229458
21.75584540077969 0.1657728768112667 21.75584540077969 0.1657728768112667
22.29597352784204 0.1389783958989095 22.29597352784204 0.1389783958989095
22.84948459876868 0.1158873090291672 22.84948459876868 0.1158873090291672
23.41489055521426 0.0961116658355972 23.41489055521426 0.0961116658355972
23.990791798309 0.0792832175297889 23.990791798309 0.0792832175297889
24.57588427649154 0.0650567002141885 24.57588427649154 0.0650567002141885
25.16896359529127 0.0531123007419128 25.16896359529127 0.0531123007419128
25.76892633058421 0.0431573651530448 25.76892633058421 0.0431573651530448
26.37476878081329 0.0349274312746129 26.37476878081329 0.0349274312746129
26.98558342982345 0.0281866830226172 26.98558342982345 0.0281866830226172
27.60055341117931 0.0227279342335613 27.60055341117931 0.0227279342335613
28.21894526889094 0.0183722546795339 28.21894526889094 0.0183722546795339
28.84010030087215 0.0149683506845311 28.84010030087215 0.0149683506845311
29.46342475319118 0.0123918079998875 29.46342475319118 0.0123918079998875
30.08837910851448 0.010544295935617 30.08837910851448 0.010544295935617
30.71446668440503 0.009352819836183799 30.71446668440503 0.009352819836183799
31.34122172948526 0.008769094479796499 31.34122172948526 0.008769094479796499
31.9681971807447 0.0087690944797958 31.9681971807447 0.0087690944797958
32.59495222582493 0.009352819836183799 32.59495222582493 0.009352819836183799
33.22103980171547 0.010544295935617 33.22103980171547 0.010544295935617
33.84599415703878 0.0123918079998875 33.84599415703878 0.0123918079998875
34.46931860935781 0.0149683506845311 34.46931860935781 0.0149683506845311
35.09047364133901 0.0183722546795346 35.09047364133901 0.0183722546795346
35.70886549905065 0.0227279342335599 35.70886549905065 0.0227279342335599
36.3238354804065 0.0281866830226165 36.3238354804065 0.0281866830226165
36.93465012941667 0.0349274312746122 36.93465012941667 0.0349274312746122
37.54049257964574 0.0431573651530455 37.54049257964574 0.0431573651530455
38.14045531493869 0.0531123007419128 38.14045531493869 0.0531123007419128
38.73353463373843 0.0650567002141878 38.73353463373843 0.0650567002141878
39.31862711192095 0.0792832175297882 39.31862711192095 0.0792832175297882
39.89452835501569 0.09611166583559649 39.89452835501569 0.09611166583559649
40.45993431146128 0.1158873090291668 40.45993431146128 0.1158873090291668
41.01344538238791 0.1389783958989102 41.01344538238791 0.1389783958989102
41.55357350945027 0.1657728768112656 41.55357350945027 0.1657728768112656
42.07875235067128 0.1966742697229455 42.07875235067128 0.1966742697229455
42.58735056649081 0.2320966736665907 42.58735056649081 0.2320966736665907
43.07768813685398 0.2724589627650517 43.07768813685398 0.2724589627650517
43.54805551900567 0.318178230924631 43.54805551900567 0.318178230924631
43.99673533949947 0.3696625950153338 43.99673533949947 0.3696625950153338
44.42202619841837 0.4273035007334362 44.42202619841837 0.4273035007334362
44.82226805509603 0.4914677085146771 44.82226805509603 0.4914677085146771
45.19586856902849 0.5624891648837497 45.19586856902849 0.5624891648837497
45.54132969323662 0.6406609856749648 45.54132969323662 0.6406609856749648
45.8572737654664 0.7262277900840265 45.8572737654664 0.7262277900840265
46.14246831962243 0.8193786273323027 46.14246831962243 0.8193786273323027
46.39584884862422 0.9202407301418191 46.39584884862422 0.9202407301418191
46.61653879168007 1.028874311083158 46.61653879168007 1.028874311083158
46.80386609317098 1.145268589612636 46.80386609317098 1.145268589612636
46.95737578442685 1.269339200293491 46.95737578442685 1.269339200293491
47.0768381693786 1.400927087879108 47.0768381693786 1.400927087879108
47.16225234453845 1.539798944669858 47.16225234453845 1.539798944669858
47.21384494593648 1.685649192229094 47.21384494593648 1.685649192229094
47.23206418267247 1.838103455750027 47.23206418267247 1.838103455750027
47.21756938047978 1.996723427734087 47.21756938047978 1.996723427734087
47.17121641120665 2.161012970679548 47.17121641120665 2.161012970679548
47.09403951817362 2.330425268412224 47.09403951817362 2.330425268412224
46.98723015688641 2.50437080432817 46.98723015688641 2.50437080432817
46.85211355099679 2.682225923452291 46.85211355099679 2.682225923452291
46.6901237118788 2.863341724551009 46.6901237118788 2.863341724551009
46.50277768574876 3.047053028666446 46.50277768574876 3.047053028666446
46.29164977577107 3.232687180866575 46.29164977577107 3.232687180866575
46.05834644061961 3.419572461698941 46.05834644061961 3.419572461698941
45.80448249951711 3.607045912320629 45.80448249951711 3.607045912320629
45.53165918197638 3.79446041075191 45.53165918197638 3.79446041075191
45.24144445417104 3.981190874166868 45.24144445417104 3.981190874166868
44.9353559392406 4.166639501530228 44.9353559392406 4.166639501530228
44.61484663198159 4.350240010220968 44.61484663198159 4.350240010220968
44.28129349495031 4.531460857735119 44.28129349495031 4.531460857735119
43.93598891792981 4.709807473589548 43.93598891792981 4.709807473589548
43.58013492996529 4.884823555947913 43.58013492996529 4.884823555947913
43.21483997563281 5.05609151142579 43.21483997563281 5.05609151142579
42.84111800662555 5.223232134549477 42.84111800662555 5.223232134549477
42.459889596766 5.385903635351727 42.459889596766 5.385903635351727
42.07198476282549 5.54380012981892 42.07198476282549 5.54380012981892
41.6781471638462 5.696649708858367 41.6781471638462 5.696649708858367
41.27903935614899 5.844212197833937 41.27903935614899 5.844212197833937
40.87524879754142 5.986276711358903 40.87524879754142 5.986276711358903
40.46729431983441 6.122659097838395 40.46729431983441 6.122659097838395
40.05563282098242 6.253199356125026 40.05563282098242 6.253199356125026
39.64066596442929 6.377759093446721 39.64066596442929 6.377759093446721
39.22274671124686 6.496219080252311 39.22274671124686 6.496219080252311
38.80218554839307 6.608476944447554 38.80218554839307 6.608476944447554
38.37925631226646 6.714445035177306 38.37925631226646 6.714445035177306
37.95420153947307 6.814048475226506 37.95420153947307 6.814048475226506
37.52723730551963 6.90722341150733 37.52723730551963 6.90722341150733
37.09855753654182 6.993915465095996 37.09855753654182 6.993915465095996
36.66833779902088 7.074078375899978 36.66833779902088 7.074078375899978
36.23673858785164 7.147672832211856 36.23673858785164 7.147672832211856
35.80390814441445 7.214665472014688 35.80390814441445 7.214665472014688
35.36998484392828 7.275028040780239 35.36998484392828 7.275028040780239
34.93509919586192 7.328736689457162 34.93509919586192 7.328736689457162
34.49937550313229 7.375771396187435 34.49937550313229 7.375771396187435
34.06293322579978 7.416115495828257 34.06293322579978 7.416115495828257
33.62588809352645 7.449755302421305 33.62588809352645 7.449755302421305
33.18835300868896 7.476679811193079 33.18835300868896 7.476679811193079
32.75043877916917 7.496880468364975 32.75043877916917 7.496880468364975
32.31225471684556 7.510350998903585 32.31225471684556 7.510350998903585
31.8739091349783 7.517087284279531 31.8739091349783 7.517087284279531
31.43550977525166 7.517087284279531 31.43550977525166 7.517087284279531
30.99716419338441 7.510350998903585 30.99716419338441 7.510350998903585
30.5589801310608 7.496880468364975 30.5589801310608 7.496880468364975
30.121065901541 7.476679811193079 30.121065901541 7.476679811193079
29.68353081670351 7.449755302421303 29.68353081670351 7.449755302421303
29.24648568443018 7.416115495828254 29.24648568443018 7.416115495828254
28.81004340709767 7.375771396187435 28.81004340709767 7.375771396187435
28.37431971436804 7.328736689457162 28.37431971436804 7.328736689457162
27.93943406630169 7.275028040780241 27.93943406630169 7.275028040780241
27.50551076581552 7.214665472014688 27.50551076581552 7.214665472014688
27.07268032237833 7.147672832211856 27.07268032237833 7.147672832211856
26.64108111120909 7.074078375899978 26.64108111120909 7.074078375899978
26.21086137368814 6.993915465095994 26.21086137368814 6.993915465095994
25.78218160471032 6.907223411507331 25.78218160471032 6.907223411507331
25.35521737075689 6.814048475226507 25.35521737075689 6.814048475226507
24.93016259796351 6.714445035177307 24.93016259796351 6.714445035177307
24.5072333618369 6.608476944447557 24.5072333618369 6.608476944447557
24.0866721989831 6.496219080252312 24.0866721989831 6.496219080252312
23.66875294580067 6.377759093446721 23.66875294580067 6.377759093446721
23.25378608924755 6.253199356125029 23.25378608924755 6.253199356125029
22.84212459039555 6.122659097838395 22.84212459039555 6.122659097838395
22.43417011268855 5.986276711358904 22.43417011268855 5.986276711358904
22.03037955408097 5.844212197833938 22.03037955408097 5.844212197833938
21.63127174638376 5.696649708858369 21.63127174638376 5.696649708858369
21.23743414740447 5.543800129818921 21.23743414740447 5.543800129818921
20.84952931346395 5.38590363535173 20.84952931346395 5.38590363535173
20.46830090360442 5.223232134549478 20.46830090360442 5.223232134549478
20.09457893459715 5.056091511425794 20.09457893459715 5.056091511425794
19.72928398026468 4.884823555947917 19.72928398026468 4.884823555947917
19.37342999230016 4.709807473589549 19.37342999230016 4.709807473589549
19.02812541527965 4.53146085773512 19.02812541527965 4.53146085773512
18.69457227824837 4.350240010220969 18.69457227824837 4.350240010220969
18.37406297098936 4.166639501530231 18.37406297098936 4.166639501530231
18.06797445605892 3.98119087416687 18.06797445605892 3.98119087416687
17.77775972825358 3.794460410751912 17.77775972825358 3.794460410751912
17.50493641071285 3.60704591232063 17.50493641071285 3.60704591232063
17.25107246961036 3.419572461698942 17.25107246961036 3.419572461698942
17.0177691344589 3.232687180866578 17.0177691344589 3.232687180866578
16.8066412244812 3.047053028666447 16.8066412244812 3.047053028666447
16.61929519835116 2.86334172455101 16.61929519835116 2.86334172455101
16.45730535923318 2.682225923452294 16.45730535923318 2.682225923452294
16.32218875334356 2.504370804328173 16.32218875334356 2.504370804328173
16.21537939205634 2.330425268412225 16.21537939205634 2.330425268412225
16.13820249902331 2.16101297067955 16.13820249902331 2.16101297067955
16.09184952975018 1.996723427734089 16.09184952975018 1.996723427734089
16.07735472755749 1.838103455750029 16.07735472755749 1.838103455750029
16.09557396429348 1.685649192229097 16.09557396429348 1.685649192229097
16.1471665656915 1.539798944669859 16.1471665656915 1.539798944669859
16.23258074085136 1.40092708787911 16.23258074085136 1.40092708787911
16.35204312580311 1.269339200293492 16.35204312580311 1.269339200293492
