-15.149156638056 1.145268589612638 -15.149156638056 1.145268589612638
-14.96182933656509 1.02887431108316 -14.96182933656509 1.02887431108316
-14.74113939350924 0.9202407301418204 -14.74113939350924 0.9202407301418204
-14.48775886450745 0.8193786273323027 -14.48775886450745 0.8193786273323027
-14.20256431035141 0.7262277900840276 -14.20256431035141 0.7262277900840276
-13.88662023812164 0.6406609856749665 -13.88662023812164 0.6406609856749665
-13.54115911391352 0.5624891648837503 -13.54115911391352 0.5624891648837503
-13.16755859998105 0.4914677085146767 -13.16755859998105 0.4914677085146767
-12.76731674330339 0.4273035007334369 -12.76731674330339 0.4273035007334369
-12.34202588438448 0.3696625950153352 -12.34202588438448 0.3696625950153352
-11.89334606389069 0.3181782309246321 -11.89334606389069 0.3181782309246321
-11.422978681739 0.2724589627650531 -11.422978681739 0.2724589627650531
-10.93264111137584 0.2320966736665918 -10.93264111137584 0.2320966736665918
-10.4240428955563 0.1966742697229458 -10.4240428955563 0.1966742697229458
-9.898864054335291 0.1657728768112667 -9.898864054335291 0.1657728768112667
-9.35873592727294 0.1389783958989095 -9.35873592727294 0.1389783958989095
-8.805224856346296 0.1158873090291672 -8.805224856346296 0.1158873090291672
-8.239818899900714 0.0961116658355972 -8.239818899900714 0.0961116658355972
-7.663917656805977 0.0792832175297889 -7.663917656805977 0.0792832175297889
-7.078825178623445 0.0650567002141885 -7.078825178623445 0.0650567002141885
-6.485745859823712 0.0531123007419128 -6.485745859823712 0.0531123007419128
-5.885783124530766 0.0431573651530448 -5.885783124530766 0.0431573651530448
-5.279940674301686 0.0349274312746129 -5.279940674301686 0.0349274312746129
-4.669126025291529 0.0281866830226172 -4.669126025291529 0.0281866830226172
-4.054156043935669 0.0227279342335613 -4.054156043935669 0.0227279342335613
-3.435764186224034 0.0183722546795339 -3.435764186224034 0.0183722546795339
-2.81460915424283 0.0149683506845311 -2.81460915424283 0.0149683506845311
-2.191284701923801 0.0123918079998875 -2.191284701923801 0.0123918079998875
-1.566330346600496 0.010544295935617 -1.566330346600496 0.010544295935617
-0.9402427707099503 0.009352819836183799 -0.9402427707099503 0.009352819836183799
-0.3134877256297227 0.008769094479796499 -0.3134877256297227 0.008769094479796499
0.3134877256297234 0.0087690944797958 0.3134877256297234 0.0087690944797958
0.9402427707099524 0.009352819836183799 0.9402427707099524 0.009352819836183799
1.566330346600493 0.010544295935617 1.566330346600493 0.010544295935617
2.191284701923801 0.0123918079998875 2.191284701923801 0.0123918079998875
2.814609154242834 0.0149683506845311 2.814609154242834 0.0149683506845311
3.435764186224034 0.0183722546795346 3.435764186224034 0.0183722546795346
4.054156043935671 0.0227279342335599 4.054156043935671 0.0227279342335599
4.669126025291524 0.0281866830226165 4.669126025291524 0.0281866830226165
5.279940674301691 0.0349274312746122 5.279940674301691 0.0349274312746122
5.885783124530763 0.0431573651530455 5.885783124530763 0.0431573651530455
6.485745859823709 0.0531123007419128 6.485745859823709 0.0531123007419128
7.078825178623447 0.0650567002141878 7.078825178623447 0.0650567002141878
7.663917656805975 0.0792832175297882 7.663917656805975 0.0792832175297882
8.239818899900714 0.09611166583559649 8.239818899900714 0.09611166583559649
8.805224856346296 0.1158873090291668 8.805224856346296 0.1158873090291668
9.358735927272939 0.1389783958989102 9.358735927272939 0.1389783958989102
9.898864054335291 0.1657728768112656 9.898864054335291 0.1657728768112656
10.4240428955563 0.1966742697229455 10.4240428955563 0.1966742697229455
10.93264111137583 0.2320966736665907 10.93264111137583 0.2320966736665907
11.422978681739 0.2724589627650517 11.422978681739 0.2724589627650517
11.89334606389069 0.318178230924631 11.89334606389069 0.318178230924631
12.34202588438449 0.3696625950153338 12.34202588438449 0.3696625950153338
12.76731674330339 0.4273035007334362 12.76731674330339 0.4273035007334362
13.16755859998105 0.4914677085146771 13.16755859998105 0.4914677085146771
13.54115911391351 0.5624891648837497 13.54115911391351 0.5624891648837497
13.88662023812164 0.6406609856749648 13.88662023812164 0.6406609856749648
14.20256431035142 0.7262277900840265 14.20256431035142 0.7262277900840265
14.48775886450745 0.8193786273323027 14.48775886450745 0.8193786273323027
14.74113939350924 0.9202407301418191 14.74113939350924 0.9202407301418191
14.96182933656509 1.028874311083158 14.96182933656509 1.028874311083158
15.149156638056 1.145268589612636 15.149156638056 1.145268589612636
15.30266632931187 1.269339200293491 15.30266632931187 1.269339200293491
15.42212871426362 1.400927087879108 15.42212871426362 1.400927087879108
15.50754288942347 1.539798944669858 15.50754288942347 1.539798944669858
15.5591354908215 1.685649192229094 15.5591354908215 1.685649192229094
15.57735472755749 1.838103455750027 15.57735472755749 1.838103455750027
15.5628599253648 1.996723427734087 15.5628599253648 1.996723427734087
15.51650695609167 2.161012970679548 15.51650695609167 2.161012970679548
15.43933006305864 2.330425268412224 15.43933006305864 2.330425268412224
15.33252070177143 2.50437080432817 15.33252070177143 2.50437080432817
15.19740409588181 2.682225923452291 15.19740409588181 2.682225923452291
15.03541425676382 2.863341724551009 15.03541425676382 2.863341724551009
14.84806823063378 3.047053028666446 14.84806823063378 3.047053028666446
14.63694032065609 3.232687180866575 14.63694032065609 3.232687180866575
14.40363698550463 3.419572461698941 14.40363698550463 3.419572461698941
14.14977304440213 3.607045912320629 14.14977304440213 3.607045912320629
13.8769497268614 3.79446041075191 13.8769497268614 3.79446041075191
13.58673499905606 3.981190874166868 13.58673499905606 3.981190874166868
13.28064648412562 4.166639501530228 13.28064648412562 4.166639501530228
12.96013717686661 4.350240010220968 12.96013717686661 4.350240010220968
12.62658403983533 4.531460857735119 12.62658403983533 4.531460857735119
12.28127946281483 4.709807473589548 12.28127946281483 4.709807473589548
11.92542547485031 4.884823555947913 11.92542547485031 4.884823555947913
11.56013052051783 5.05609151142579 11.56013052051783 5.05609151142579
11.18640855151057 5.223232134549477 11.18640855151057 5.223232134549477
10.80518014165102 5.385903635351727 10.80518014165102 5.385903635351727
10.41727530771051 5.54380012981892 10.41727530771051 5.54380012981892
10.02343770873122 5.696649708858367 10.02343770873122 5.696649708858367
9.624329901034011 5.844212197833937 9.624329901034011 5.844212197833937
9.220539342426438 5.986276711358903 9.220539342426438 5.986276711358903
8.812584864719426 6.122659097838395 8.812584864719426 6.122659097838395
8.40092336586744 6.253199356125026 8.40092336586744 6.253199356125026
7.985956509314309 6.377759093446721 7.985956509314309 6.377759093446721
7.568037256131885 6.496219080252311 7.568037256131885 6.496219080252311
7.147476093278087 6.608476944447554 7.147476093278087 6.608476944447554
6.724546857151475 6.714445035177306 6.724546857151475 6.714445035177306
6.299492084358089 6.814048475226506 6.299492084358089 6.814048475226506
5.872527850404657 6.90722341150733 5.872527850404657 6.90722341150733
5.443848081426839 6.993915465095996 5.443848081426839 6.993915465095996
5.013628343905896 7.074078375899978 5.013628343905896 7.074078375899978
4.582029132736659 7.147672832211856 4.582029132736659 7.147672832211856
4.149198689299468 7.214665472014688 4.149198689299468 7.214665472014688
3.7152753888133 7.275028040780239 3.7152753888133 7.275028040780239
3.280389740746941 7.328736689457162 3.280389740746941 7.328736689457162
2.844666048017313 7.375771396187435 2.844666048017313 7.375771396187435
2.408223770684806 7.416115495828257 2.408223770684806 7.416115495828257
1.971178638411472 7.449755302421305 1.971178638411472 7.449755302421305
1.533643553573985 7.476679811193079 1.533643553573985 7.476679811193079
1.095729324054188 7.496880468364975 1.095729324054188 7.496880468364975
0.6575452617305767 7.510350998903585 0.6575452617305767 7.510350998903585
0.2191996798633227 7.517087284279531 0.2191996798633227 7.517087284279531
-0.2191996798633171 7.517087284279531 -0.2191996798633171 7.517087284279531
-0.6575452617305697 7.510350998903585 -0.6575452617305697 7.510350998903585
-1.095729324054182 7.496880468364975 -1.095729324054182 7.496880468364975
-1.533643553573979 7.476679811193079 -1.533643553573979 7.476679811193079
-1.971178638411469 7.449755302421303 -1.971178638411469 7.449755302421303
-2.408223770684802 7.416115495828254 -2.408223770684802 7.416115495828254
-2.844666048017306 7.375771396187435 -2.844666048017306 7.375771396187435
-3.280389740746936 7.328736689457162 -3.280389740746936 7.328736689457162
-3.715275388813292 7.275028040780241 -3.715275388813292 7.275028040780241
-4.149198689299465 7.214665472014688 -4.149198689299465 7.214665472014688
-4.582029132736651 7.147672832211856 -4.582029132736651 7.147672832211856
-5.013628343905892 7.074078375899978 -5.013628343905892 7.074078375899978
-5.443848081426839 6.993915465095994 -5.443848081426839 6.993915465095994
-5.872527850404654 6.907223411507331 -5.872527850404654 6.907223411507331
-6.299492084358087 6.814048475226507 -6.299492084358087 6.814048475226507
-6.72454685715147 6.714445035177307 -6.72454685715147 6.714445035177307
-7.147476093278084 6.608476944447557 -7.147476093278084 6.608476944447557
-7.56803725613188 6.496219080252312 -7.56803725613188 6.496219080252312
-7.985956509314306 6.377759093446721 -7.985956509314306 6.377759093446721
-8.400923365867433 6.253199356125029 -8.400923365867433 6.253199356125029
-8.812584864719428 6.122659097838395 -8.812584864719428 6.122659097838395
-9.220539342426433 5.986276711358904 -9.220539342426433 5.986276711358904
-9.62432990103401 5.844212197833938 -9.62432990103401 5.844212197833938
-10.02343770873122 5.696649708858369 -10.02343770873122 5.696649708858369
-10.41727530771051 5.543800129818921 -10.41727530771051 5.543800129818921
-10.80518014165103 5.38590363535173 -10.80518014165103 5.38590363535173
-11.18640855151056 5.223232134549478 -11.18640855151056 5.223232134549478
-11.56013052051783 5.056091511425794 -11.56013052051783 5.056091511425794
-11.9254254748503 4.884823555947917 -11.9254254748503 4.884823555947917
-12.28127946281482 4.709807473589549 -12.28127946281482 4.709807473589549
-12.62658403983533 4.53146085773512 -12.62658403983533 4.53146085773512
-12.96013717686661 4.350240010220969 -12.96013717686661 4.350240010220969
-13.28064648412562 4.166639501530231 -13.28064648412562 4.166639501530231
-13.58673499905606 3.98119087416687 -13.58673499905606 3.98119087416687
-13.8769497268614 3.794460410751912 -13.8769497268614 3.794460410751912
-14.14977304440213 3.60704591232063 -14.14977304440213 3.60704591232063
-14.40363698550462 3.419572461698942 -14.40363698550462 3.419572461698942
-14.63694032065608 3.232687180866578 -14.63694032065608 3.232687180866578
-14.84806823063378 3.047053028666447 -14.84806823063378 3.047053028666447
-15.03541425676382 2.86334172455101 -15.03541425676382 2.86334172455101
-15.1974040958818 2.682225923452294 -15.1974040958818 2.682225923452294
-15.33252070177142 2.504370804328173 -15.33252070177142 2.504370804328173
-15.43933006305864 2.330425268412225 -15.43933006305864 2.330425268412225
-15.51650695609167 2.16101297067955 -15.51650695609167 2.16101297067955
-15.5628599253648 1.996723427734089 -15.5628599253648 1.996723427734089
-15.57735472755749 1.838103455750029 -15.57735472755749 1.838103455750029
-15.5591354908215 1.685649192229097 -15.5591354908215 1.685649192229097
-15.50754288942348 1.539798944669859 -15.50754288942348 1.539798944669859
-15.42212871426362 1.40092708787911 -15.42212871426362 1.40092708787911
-15.30266632931187 1.269339200293492 -15.30266632931187 1.269339200293492
